Enter Topology 
Max columns 13
Recorded Topology : 
  |  1  2  3  4  5  6  7  8  9  10  11  12  13 
------------------------------------------------
1 |  0  INF  INF  INF  6  INF  7  INF  INF  INF  INF  INF  INF 
2 |  INF  0  INF  INF  INF  2  13  INF  INF  INF  INF  INF  INF 
3 |  INF  INF  0  INF  INF  INF  1  4  INF  INF  INF  8  INF 
4 |  INF  INF  INF  0  INF  19  INF  INF  INF  11  INF  INF  INF 
5 |  6  INF  INF  INF  0  INF  INF  INF  INF  3  INF  INF  INF 
6 |  INF  2  INF  19  INF  0  INF  17  INF  INF  25  INF  4 
7 |  7  13  1  INF  INF  INF  0  INF  INF  INF  INF  8  INF 
8 |  INF  INF  4  INF  INF  17  INF  0  INF  INF  16  INF  INF 
9 |  INF  INF  INF  INF  INF  INF  INF  INF  0  INF  INF  5  7 
10 |  INF  INF  INF  11  3  INF  INF  INF  INF  0  INF  12  INF 
11 |  INF  INF  INF  INF  INF  25  INF  16  INF  INF  0  INF  INF 
12 |  INF  INF  8  INF  INF  INF  8  INF  5  12  INF  0  INF 
13 |  INF  INF  INF  INF  INF  4  INF  INF  7  INF  INF  INF  0 
OK
Running LSRP 
LSRP for 1
Iter 1:
Dest 1 |2 |3 |4 |5 |6 |7 |8 |9 |10 |11 |12 |13 |
Cost 0 |2147482647 |2147482647 |2147482647 |6 |2147482647 |7 |2147482647 |2147482647 |2147482647 |2147482647 |2147482647 |2147482647 |
--------------------------
Iter 2:
Dest 1 |2 |3 |4 |5 |6 |7 |8 |9 |10 |11 |12 |13 |
Cost 0 |2147482647 |2147482647 |2147482647 |6 |2147482647 |7 |2147482647 |2147482647 |9 |2147482647 |2147482647 |2147482647 |
--------------------------
Iter 3:
Dest 1 |2 |3 |4 |5 |6 |7 |8 |9 |10 |11 |12 |13 |
Cost 0 |20 |8 |2147482647 |6 |2147482647 |7 |2147482647 |2147482647 |9 |2147482647 |15 |2147482647 |
--------------------------
Iter 4:
Dest 1 |2 |3 |4 |5 |6 |7 |8 |9 |10 |11 |12 |13 |
Cost 0 |20 |8 |2147482647 |6 |2147482647 |7 |12 |2147482647 |9 |2147482647 |15 |2147482647 |
--------------------------
Iter 5:
Dest 1 |2 |3 |4 |5 |6 |7 |8 |9 |10 |11 |12 |13 |
Cost 0 |20 |8 |2147482647 |6 |2147482647 |7 |12 |2147482647 |9 |2147482647 |15 |2147482647 |
--------------------------
Iter 6:
Dest 1 |2 |3 |4 |5 |6 |7 |8 |9 |10 |11 |12 |13 |
Cost 0 |20 |8 |2147482647 |6 |29 |7 |12 |2147482647 |9 |28 |15 |2147482647 |
--------------------------
Iter 7:
Dest 1 |2 |3 |4 |5 |6 |7 |8 |9 |10 |11 |12 |13 |
Cost 0 |20 |8 |2147482647 |6 |29 |7 |12 |20 |9 |28 |15 |2147482647 |
--------------------------
Iter 8:
Dest 1 |2 |3 |4 |5 |6 |7 |8 |9 |10 |11 |12 |13 |
Cost 0 |20 |8 |2147482647 |6 |29 |7 |12 |20 |9 |28 |15 |27 |
--------------------------
Iter 9:
Dest 1 |2 |3 |4 |5 |6 |7 |8 |9 |10 |11 |12 |13 |
Cost 0 |20 |8 |2147482647 |6 |22 |7 |12 |20 |9 |28 |15 |27 |
--------------------------
Iter 10:
Dest 1 |2 |3 |4 |5 |6 |7 |8 |9 |10 |11 |12 |13 |
Cost 0 |20 |8 |41 |6 |22 |7 |12 |20 |9 |28 |15 |26 |
--------------------------
Iter 11:
Dest 1 |2 |3 |4 |5 |6 |7 |8 |9 |10 |11 |12 |13 |
Cost 0 |20 |8 |41 |6 |22 |7 |12 |20 |9 |28 |15 |26 |
--------------------------
Iter 12:
Dest 1 |2 |3 |4 |5 |6 |7 |8 |9 |10 |11 |12 |13 |
Cost 0 |20 |8 |41 |6 |22 |7 |12 |20 |9 |28 |15 |26 |
--------------------------
Path [source] -> [destination] | Min-Cost | Shortest-Path
  1 |   2 |      20 | 1->7->2
  1 |   3 |       8 | 1->7->3
  1 |   4 |      41 | 1->7->2->6->4
  1 |   5 |       6 | 1->5
  1 |   6 |      22 | 1->7->2->6
  1 |   7 |       7 | 1->7
  1 |   8 |      12 | 1->7->3->8
  1 |   9 |      20 | 1->7->12->9
  1 |  10 |       9 | 1->5->10
  1 |  11 |      28 | 1->7->3->8->11
  1 |  12 |      15 | 1->7->12
  1 |  13 |      26 | 1->7->2->6->13
LSRP Took 0.0002735
LSRP for 2
Iter 1:
Dest 1 |2 |3 |4 |5 |6 |7 |8 |9 |10 |11 |12 |13 |
Cost 2147482647 |0 |2147482647 |2147482647 |2147482647 |2 |13 |2147482647 |2147482647 |2147482647 |2147482647 |2147482647 |2147482647 |
--------------------------
Iter 2:
Dest 1 |2 |3 |4 |5 |6 |7 |8 |9 |10 |11 |12 |13 |
Cost 2147482647 |0 |2147482647 |21 |2147482647 |2 |13 |19 |2147482647 |2147482647 |27 |2147482647 |6 |
--------------------------
Iter 3:
Dest 1 |2 |3 |4 |5 |6 |7 |8 |9 |10 |11 |12 |13 |
Cost 2147482647 |0 |2147482647 |21 |2147482647 |2 |13 |19 |13 |2147482647 |27 |2147482647 |6 |
--------------------------
Iter 4:
Dest 1 |2 |3 |4 |5 |6 |7 |8 |9 |10 |11 |12 |13 |
Cost 2147482647 |0 |2147482647 |21 |2147482647 |2 |13 |19 |13 |2147482647 |27 |18 |6 |
--------------------------
Iter 5:
Dest 1 |2 |3 |4 |5 |6 |7 |8 |9 |10 |11 |12 |13 |
Cost 20 |0 |14 |21 |2147482647 |2 |13 |19 |13 |2147482647 |27 |18 |6 |
--------------------------
Iter 6:
Dest 1 |2 |3 |4 |5 |6 |7 |8 |9 |10 |11 |12 |13 |
Cost 20 |0 |14 |21 |2147482647 |2 |13 |18 |13 |2147482647 |27 |18 |6 |
--------------------------
Iter 7:
Dest 1 |2 |3 |4 |5 |6 |7 |8 |9 |10 |11 |12 |13 |
Cost 20 |0 |14 |21 |2147482647 |2 |13 |18 |13 |30 |27 |18 |6 |
--------------------------
Iter 8:
Dest 1 |2 |3 |4 |5 |6 |7 |8 |9 |10 |11 |12 |13 |
Cost 20 |0 |14 |21 |2147482647 |2 |13 |18 |13 |30 |27 |18 |6 |
--------------------------
Iter 9:
Dest 1 |2 |3 |4 |5 |6 |7 |8 |9 |10 |11 |12 |13 |
Cost 20 |0 |14 |21 |26 |2 |13 |18 |13 |30 |27 |18 |6 |
--------------------------
Iter 10:
Dest 1 |2 |3 |4 |5 |6 |7 |8 |9 |10 |11 |12 |13 |
Cost 20 |0 |14 |21 |26 |2 |13 |18 |13 |30 |27 |18 |6 |
--------------------------
Iter 11:
Dest 1 |2 |3 |4 |5 |6 |7 |8 |9 |10 |11 |12 |13 |
Cost 20 |0 |14 |21 |26 |2 |13 |18 |13 |29 |27 |18 |6 |
--------------------------
Iter 12:
Dest 1 |2 |3 |4 |5 |6 |7 |8 |9 |10 |11 |12 |13 |
Cost 20 |0 |14 |21 |26 |2 |13 |18 |13 |29 |27 |18 |6 |
--------------------------
Path [source] -> [destination] | Min-Cost | Shortest-Path
  2 |   1 |      20 | 2->7->1
  2 |   3 |      14 | 2->7->3
  2 |   4 |      21 | 2->6->4
  2 |   5 |      26 | 2->7->1->5
  2 |   6 |       2 | 2->6
  2 |   7 |      13 | 2->7
  2 |   8 |      18 | 2->7->3->8
  2 |   9 |      13 | 2->6->13->9
  2 |  10 |      29 | 2->7->1->5->10
  2 |  11 |      27 | 2->6->11
  2 |  12 |      18 | 2->6->13->9->12
  2 |  13 |       6 | 2->6->13
LSRP Took 0.0002802
LSRP for 3
Iter 1:
Dest 1 |2 |3 |4 |5 |6 |7 |8 |9 |10 |11 |12 |13 |
Cost 2147482647 |2147482647 |0 |2147482647 |2147482647 |2147482647 |1 |4 |2147482647 |2147482647 |2147482647 |8 |2147482647 |
--------------------------
Iter 2:
Dest 1 |2 |3 |4 |5 |6 |7 |8 |9 |10 |11 |12 |13 |
Cost 8 |14 |0 |2147482647 |2147482647 |2147482647 |1 |4 |2147482647 |2147482647 |2147482647 |8 |2147482647 |
--------------------------
Iter 3:
Dest 1 |2 |3 |4 |5 |6 |7 |8 |9 |10 |11 |12 |13 |
Cost 8 |14 |0 |2147482647 |2147482647 |21 |1 |4 |2147482647 |2147482647 |20 |8 |2147482647 |
--------------------------
Iter 4:
Dest 1 |2 |3 |4 |5 |6 |7 |8 |9 |10 |11 |12 |13 |
Cost 8 |14 |0 |2147482647 |2147482647 |21 |1 |4 |13 |20 |20 |8 |2147482647 |
--------------------------
Iter 5:
Dest 1 |2 |3 |4 |5 |6 |7 |8 |9 |10 |11 |12 |13 |
Cost 8 |14 |0 |2147482647 |14 |21 |1 |4 |13 |20 |20 |8 |2147482647 |
--------------------------
Iter 6:
Dest 1 |2 |3 |4 |5 |6 |7 |8 |9 |10 |11 |12 |13 |
Cost 8 |14 |0 |2147482647 |14 |21 |1 |4 |13 |20 |20 |8 |20 |
--------------------------
Iter 7:
Dest 1 |2 |3 |4 |5 |6 |7 |8 |9 |10 |11 |12 |13 |
Cost 8 |14 |0 |2147482647 |14 |21 |1 |4 |13 |17 |20 |8 |20 |
--------------------------
Iter 8:
Dest 1 |2 |3 |4 |5 |6 |7 |8 |9 |10 |11 |12 |13 |
Cost 8 |14 |0 |2147482647 |14 |16 |1 |4 |13 |17 |20 |8 |20 |
--------------------------
Iter 9:
Dest 1 |2 |3 |4 |5 |6 |7 |8 |9 |10 |11 |12 |13 |
Cost 8 |14 |0 |35 |14 |16 |1 |4 |13 |17 |20 |8 |20 |
--------------------------
Iter 10:
Dest 1 |2 |3 |4 |5 |6 |7 |8 |9 |10 |11 |12 |13 |
Cost 8 |14 |0 |35 |14 |16 |1 |4 |13 |17 |20 |8 |20 |
--------------------------
Iter 11:
Dest 1 |2 |3 |4 |5 |6 |7 |8 |9 |10 |11 |12 |13 |
Cost 8 |14 |0 |35 |14 |16 |1 |4 |13 |17 |20 |8 |20 |
--------------------------
Iter 12:
Dest 1 |2 |3 |4 |5 |6 |7 |8 |9 |10 |11 |12 |13 |
Cost 8 |14 |0 |35 |14 |16 |1 |4 |13 |17 |20 |8 |20 |
--------------------------
Path [source] -> [destination] | Min-Cost | Shortest-Path
  3 |   1 |       8 | 3->7->1
  3 |   2 |      14 | 3->7->2
  3 |   4 |      35 | 3->7->2->6->4
  3 |   5 |      14 | 3->7->1->5
  3 |   6 |      16 | 3->7->2->6
  3 |   7 |       1 | 3->7
  3 |   8 |       4 | 3->8
  3 |   9 |      13 | 3->12->9
  3 |  10 |      17 | 3->7->1->5->10
  3 |  11 |      20 | 3->8->11
  3 |  12 |       8 | 3->12
  3 |  13 |      20 | 3->12->9->13
LSRP Took 0.0002496
LSRP for 4
Iter 1:
Dest 1 |2 |3 |4 |5 |6 |7 |8 |9 |10 |11 |12 |13 |
Cost 2147482647 |2147482647 |2147482647 |0 |2147482647 |19 |2147482647 |2147482647 |2147482647 |2147482647 |2147482647 |2147482647 |2147482647 |
--------------------------
Iter 2:
Dest 1 |2 |3 |4 |5 |6 |7 |8 |9 |10 |11 |12 |13 |
Cost 2147482647 |21 |2147482647 |0 |2147482647 |19 |2147482647 |36 |2147482647 |2147482647 |44 |2147482647 |23 |
--------------------------
Iter 3:
Dest 1 |2 |3 |4 |5 |6 |7 |8 |9 |10 |11 |12 |13 |
Cost 2147482647 |21 |2147482647 |0 |2147482647 |19 |34 |36 |2147482647 |2147482647 |44 |2147482647 |23 |
--------------------------
Iter 4:
Dest 1 |2 |3 |4 |5 |6 |7 |8 |9 |10 |11 |12 |13 |
Cost 2147482647 |21 |2147482647 |0 |2147482647 |19 |34 |36 |30 |2147482647 |44 |2147482647 |23 |
--------------------------
Iter 5:
Dest 1 |2 |3 |4 |5 |6 |7 |8 |9 |10 |11 |12 |13 |
Cost 2147482647 |21 |2147482647 |0 |2147482647 |19 |34 |36 |30 |2147482647 |44 |35 |23 |
--------------------------
Iter 6:
Dest 1 |2 |3 |4 |5 |6 |7 |8 |9 |10 |11 |12 |13 |
Cost 41 |21 |35 |0 |2147482647 |19 |34 |36 |30 |2147482647 |44 |35 |23 |
--------------------------
Iter 7:
Dest 1 |2 |3 |4 |5 |6 |7 |8 |9 |10 |11 |12 |13 |
Cost 41 |21 |35 |0 |2147482647 |19 |34 |36 |30 |47 |44 |35 |23 |
--------------------------
Iter 8:
Dest 1 |2 |3 |4 |5 |6 |7 |8 |9 |10 |11 |12 |13 |
Cost 41 |21 |35 |0 |2147482647 |19 |34 |36 |30 |47 |44 |35 |23 |
--------------------------
Iter 9:
Dest 1 |2 |3 |4 |5 |6 |7 |8 |9 |10 |11 |12 |13 |
Cost 41 |21 |35 |0 |2147482647 |19 |34 |36 |30 |47 |44 |35 |23 |
--------------------------
Iter 10:
Dest 1 |2 |3 |4 |5 |6 |7 |8 |9 |10 |11 |12 |13 |
Cost 41 |21 |35 |0 |47 |19 |34 |36 |30 |47 |44 |35 |23 |
--------------------------
Iter 11:
Dest 1 |2 |3 |4 |5 |6 |7 |8 |9 |10 |11 |12 |13 |
Cost 41 |21 |35 |0 |47 |19 |34 |36 |30 |47 |44 |35 |23 |
--------------------------
Iter 12:
Dest 1 |2 |3 |4 |5 |6 |7 |8 |9 |10 |11 |12 |13 |
Cost 41 |21 |35 |0 |47 |19 |34 |36 |30 |47 |44 |35 |23 |
--------------------------
Path [source] -> [destination] | Min-Cost | Shortest-Path
  4 |   1 |      41 | 4->6->2->7->1
  4 |   2 |      21 | 4->6->2
  4 |   3 |      35 | 4->6->2->7->3
  4 |   5 |      47 | 4->6->2->7->1->5
  4 |   6 |      19 | 4->6
  4 |   7 |      34 | 4->6->2->7
  4 |   8 |      36 | 4->6->8
  4 |   9 |      30 | 4->6->13->9
  4 |  10 |      47 | 4->6->13->9->12->10
  4 |  11 |      44 | 4->6->11
  4 |  12 |      35 | 4->6->13->9->12
  4 |  13 |      23 | 4->6->13
LSRP Took 0.0002505
LSRP for 5
Iter 1:
Dest 1 |2 |3 |4 |5 |6 |7 |8 |9 |10 |11 |12 |13 |
Cost 6 |2147482647 |2147482647 |2147482647 |0 |2147482647 |2147482647 |2147482647 |2147482647 |3 |2147482647 |2147482647 |2147482647 |
--------------------------
Iter 2:
Dest 1 |2 |3 |4 |5 |6 |7 |8 |9 |10 |11 |12 |13 |
Cost 6 |2147482647 |2147482647 |2147482647 |0 |2147482647 |2147482647 |2147482647 |2147482647 |3 |2147482647 |15 |2147482647 |
--------------------------
Iter 3:
Dest 1 |2 |3 |4 |5 |6 |7 |8 |9 |10 |11 |12 |13 |
Cost 6 |2147482647 |2147482647 |2147482647 |0 |2147482647 |13 |2147482647 |2147482647 |3 |2147482647 |15 |2147482647 |
--------------------------
Iter 4:
Dest 1 |2 |3 |4 |5 |6 |7 |8 |9 |10 |11 |12 |13 |
Cost 6 |26 |14 |2147482647 |0 |2147482647 |13 |2147482647 |2147482647 |3 |2147482647 |15 |2147482647 |
--------------------------
Iter 5:
Dest 1 |2 |3 |4 |5 |6 |7 |8 |9 |10 |11 |12 |13 |
Cost 6 |26 |14 |2147482647 |0 |2147482647 |13 |18 |2147482647 |3 |2147482647 |15 |2147482647 |
--------------------------
Iter 6:
Dest 1 |2 |3 |4 |5 |6 |7 |8 |9 |10 |11 |12 |13 |
Cost 6 |26 |14 |2147482647 |0 |2147482647 |13 |18 |20 |3 |2147482647 |15 |2147482647 |
--------------------------
Iter 7:
Dest 1 |2 |3 |4 |5 |6 |7 |8 |9 |10 |11 |12 |13 |
Cost 6 |26 |14 |2147482647 |0 |35 |13 |18 |20 |3 |34 |15 |2147482647 |
--------------------------
Iter 8:
Dest 1 |2 |3 |4 |5 |6 |7 |8 |9 |10 |11 |12 |13 |
Cost 6 |26 |14 |2147482647 |0 |35 |13 |18 |20 |3 |34 |15 |27 |
--------------------------
Iter 9:
Dest 1 |2 |3 |4 |5 |6 |7 |8 |9 |10 |11 |12 |13 |
Cost 6 |26 |14 |2147482647 |0 |28 |13 |18 |20 |3 |34 |15 |27 |
--------------------------
Iter 10:
Dest 1 |2 |3 |4 |5 |6 |7 |8 |9 |10 |11 |12 |13 |
Cost 6 |26 |14 |2147482647 |0 |28 |13 |18 |20 |3 |34 |15 |27 |
--------------------------
Iter 11:
Dest 1 |2 |3 |4 |5 |6 |7 |8 |9 |10 |11 |12 |13 |
Cost 6 |26 |14 |47 |0 |28 |13 |18 |20 |3 |34 |15 |27 |
--------------------------
Iter 12:
Dest 1 |2 |3 |4 |5 |6 |7 |8 |9 |10 |11 |12 |13 |
Cost 6 |26 |14 |47 |0 |28 |13 |18 |20 |3 |34 |15 |27 |
--------------------------
Path [source] -> [destination] | Min-Cost | Shortest-Path
  5 |   1 |       6 | 5->1
  5 |   2 |      26 | 5->1->7->2
  5 |   3 |      14 | 5->1->7->3
  5 |   4 |      47 | 5->1->7->2->6->4
  5 |   6 |      28 | 5->1->7->2->6
  5 |   7 |      13 | 5->1->7
  5 |   8 |      18 | 5->1->7->3->8
  5 |   9 |      20 | 5->10->12->9
  5 |  10 |       3 | 5->10
  5 |  11 |      34 | 5->1->7->3->8->11
  5 |  12 |      15 | 5->10->12
  5 |  13 |      27 | 5->10->12->9->13
LSRP Took 0.0002529
LSRP for 6
Iter 1:
Dest 1 |2 |3 |4 |5 |6 |7 |8 |9 |10 |11 |12 |13 |
Cost 2147482647 |2 |2147482647 |19 |2147482647 |0 |2147482647 |17 |2147482647 |2147482647 |25 |2147482647 |4 |
--------------------------
Iter 2:
Dest 1 |2 |3 |4 |5 |6 |7 |8 |9 |10 |11 |12 |13 |
Cost 2147482647 |2 |2147482647 |19 |2147482647 |0 |15 |17 |2147482647 |2147482647 |25 |2147482647 |4 |
--------------------------
Iter 3:
Dest 1 |2 |3 |4 |5 |6 |7 |8 |9 |10 |11 |12 |13 |
Cost 2147482647 |2 |2147482647 |19 |2147482647 |0 |15 |17 |11 |2147482647 |25 |2147482647 |4 |
--------------------------
Iter 4:
Dest 1 |2 |3 |4 |5 |6 |7 |8 |9 |10 |11 |12 |13 |
Cost 2147482647 |2 |2147482647 |19 |2147482647 |0 |15 |17 |11 |2147482647 |25 |16 |4 |
--------------------------
Iter 5:
Dest 1 |2 |3 |4 |5 |6 |7 |8 |9 |10 |11 |12 |13 |
Cost 22 |2 |16 |19 |2147482647 |0 |15 |17 |11 |2147482647 |25 |16 |4 |
--------------------------
Iter 6:
Dest 1 |2 |3 |4 |5 |6 |7 |8 |9 |10 |11 |12 |13 |
Cost 22 |2 |16 |19 |2147482647 |0 |15 |17 |11 |28 |25 |16 |4 |
--------------------------
Iter 7:
Dest 1 |2 |3 |4 |5 |6 |7 |8 |9 |10 |11 |12 |13 |
Cost 22 |2 |16 |19 |2147482647 |0 |15 |17 |11 |28 |25 |16 |4 |
--------------------------
Iter 8:
Dest 1 |2 |3 |4 |5 |6 |7 |8 |9 |10 |11 |12 |13 |
Cost 22 |2 |16 |19 |2147482647 |0 |15 |17 |11 |28 |25 |16 |4 |
--------------------------
Iter 9:
Dest 1 |2 |3 |4 |5 |6 |7 |8 |9 |10 |11 |12 |13 |
Cost 22 |2 |16 |19 |2147482647 |0 |15 |17 |11 |28 |25 |16 |4 |
--------------------------
Iter 10:
Dest 1 |2 |3 |4 |5 |6 |7 |8 |9 |10 |11 |12 |13 |
Cost 22 |2 |16 |19 |28 |0 |15 |17 |11 |28 |25 |16 |4 |
--------------------------
Iter 11:
Dest 1 |2 |3 |4 |5 |6 |7 |8 |9 |10 |11 |12 |13 |
Cost 22 |2 |16 |19 |28 |0 |15 |17 |11 |28 |25 |16 |4 |
--------------------------
Iter 12:
Dest 1 |2 |3 |4 |5 |6 |7 |8 |9 |10 |11 |12 |13 |
Cost 22 |2 |16 |19 |28 |0 |15 |17 |11 |28 |25 |16 |4 |
--------------------------
Path [source] -> [destination] | Min-Cost | Shortest-Path
  6 |   1 |      22 | 6->2->7->1
  6 |   2 |       2 | 6->2
  6 |   3 |      16 | 6->2->7->3
  6 |   4 |      19 | 6->4
  6 |   5 |      28 | 6->2->7->1->5
  6 |   7 |      15 | 6->2->7
  6 |   8 |      17 | 6->8
  6 |   9 |      11 | 6->13->9
  6 |  10 |      28 | 6->13->9->12->10
  6 |  11 |      25 | 6->11
  6 |  12 |      16 | 6->13->9->12
  6 |  13 |       4 | 6->13
LSRP Took 0.000246
LSRP for 7
Iter 1:
Dest 1 |2 |3 |4 |5 |6 |7 |8 |9 |10 |11 |12 |13 |
Cost 7 |13 |1 |2147482647 |2147482647 |2147482647 |0 |2147482647 |2147482647 |2147482647 |2147482647 |8 |2147482647 |
--------------------------
Iter 2:
Dest 1 |2 |3 |4 |5 |6 |7 |8 |9 |10 |11 |12 |13 |
Cost 7 |13 |1 |2147482647 |2147482647 |2147482647 |0 |5 |2147482647 |2147482647 |2147482647 |8 |2147482647 |
--------------------------
Iter 3:
Dest 1 |2 |3 |4 |5 |6 |7 |8 |9 |10 |11 |12 |13 |
Cost 7 |13 |1 |2147482647 |2147482647 |22 |0 |5 |2147482647 |2147482647 |21 |8 |2147482647 |
--------------------------
Iter 4:
Dest 1 |2 |3 |4 |5 |6 |7 |8 |9 |10 |11 |12 |13 |
Cost 7 |13 |1 |2147482647 |13 |22 |0 |5 |2147482647 |2147482647 |21 |8 |2147482647 |
--------------------------
Iter 5:
Dest 1 |2 |3 |4 |5 |6 |7 |8 |9 |10 |11 |12 |13 |
Cost 7 |13 |1 |2147482647 |13 |22 |0 |5 |13 |20 |21 |8 |2147482647 |
--------------------------
Iter 6:
Dest 1 |2 |3 |4 |5 |6 |7 |8 |9 |10 |11 |12 |13 |
Cost 7 |13 |1 |2147482647 |13 |22 |0 |5 |13 |20 |21 |8 |20 |
--------------------------
Iter 7:
Dest 1 |2 |3 |4 |5 |6 |7 |8 |9 |10 |11 |12 |13 |
Cost 7 |13 |1 |2147482647 |13 |22 |0 |5 |13 |16 |21 |8 |20 |
--------------------------
Iter 8:
Dest 1 |2 |3 |4 |5 |6 |7 |8 |9 |10 |11 |12 |13 |
Cost 7 |13 |1 |2147482647 |13 |15 |0 |5 |13 |16 |21 |8 |20 |
--------------------------
Iter 9:
Dest 1 |2 |3 |4 |5 |6 |7 |8 |9 |10 |11 |12 |13 |
Cost 7 |13 |1 |34 |13 |15 |0 |5 |13 |16 |21 |8 |19 |
--------------------------
Iter 10:
Dest 1 |2 |3 |4 |5 |6 |7 |8 |9 |10 |11 |12 |13 |
Cost 7 |13 |1 |34 |13 |15 |0 |5 |13 |16 |21 |8 |19 |
--------------------------
Iter 11:
Dest 1 |2 |3 |4 |5 |6 |7 |8 |9 |10 |11 |12 |13 |
Cost 7 |13 |1 |34 |13 |15 |0 |5 |13 |16 |21 |8 |19 |
--------------------------
Iter 12:
Dest 1 |2 |3 |4 |5 |6 |7 |8 |9 |10 |11 |12 |13 |
Cost 7 |13 |1 |34 |13 |15 |0 |5 |13 |16 |21 |8 |19 |
--------------------------
Path [source] -> [destination] | Min-Cost | Shortest-Path
  7 |   1 |       7 | 7->1
  7 |   2 |      13 | 7->2
  7 |   3 |       1 | 7->3
  7 |   4 |      34 | 7->2->6->4
  7 |   5 |      13 | 7->1->5
  7 |   6 |      15 | 7->2->6
  7 |   8 |       5 | 7->3->8
  7 |   9 |      13 | 7->12->9
  7 |  10 |      16 | 7->1->5->10
  7 |  11 |      21 | 7->3->8->11
  7 |  12 |       8 | 7->12
  7 |  13 |      19 | 7->2->6->13
LSRP Took 0.0002758
LSRP for 8
Iter 1:
Dest 1 |2 |3 |4 |5 |6 |7 |8 |9 |10 |11 |12 |13 |
Cost 2147482647 |2147482647 |4 |2147482647 |2147482647 |17 |2147482647 |0 |2147482647 |2147482647 |16 |2147482647 |2147482647 |
--------------------------
Iter 2:
Dest 1 |2 |3 |4 |5 |6 |7 |8 |9 |10 |11 |12 |13 |
Cost 2147482647 |2147482647 |4 |2147482647 |2147482647 |17 |5 |0 |2147482647 |2147482647 |16 |12 |2147482647 |
--------------------------
Iter 3:
Dest 1 |2 |3 |4 |5 |6 |7 |8 |9 |10 |11 |12 |13 |
Cost 12 |18 |4 |2147482647 |2147482647 |17 |5 |0 |2147482647 |2147482647 |16 |12 |2147482647 |
--------------------------
Iter 4:
Dest 1 |2 |3 |4 |5 |6 |7 |8 |9 |10 |11 |12 |13 |
Cost 12 |18 |4 |2147482647 |2147482647 |17 |5 |0 |17 |24 |16 |12 |2147482647 |
--------------------------
Iter 5:
Dest 1 |2 |3 |4 |5 |6 |7 |8 |9 |10 |11 |12 |13 |
Cost 12 |18 |4 |2147482647 |18 |17 |5 |0 |17 |24 |16 |12 |2147482647 |
--------------------------
Iter 6:
Dest 1 |2 |3 |4 |5 |6 |7 |8 |9 |10 |11 |12 |13 |
Cost 12 |18 |4 |2147482647 |18 |17 |5 |0 |17 |24 |16 |12 |2147482647 |
--------------------------
Iter 7:
Dest 1 |2 |3 |4 |5 |6 |7 |8 |9 |10 |11 |12 |13 |
Cost 12 |18 |4 |2147482647 |18 |17 |5 |0 |17 |24 |16 |12 |24 |
--------------------------
Iter 8:
Dest 1 |2 |3 |4 |5 |6 |7 |8 |9 |10 |11 |12 |13 |
Cost 12 |18 |4 |36 |18 |17 |5 |0 |17 |24 |16 |12 |21 |
--------------------------
Iter 9:
Dest 1 |2 |3 |4 |5 |6 |7 |8 |9 |10 |11 |12 |13 |
Cost 12 |18 |4 |36 |18 |17 |5 |0 |17 |21 |16 |12 |21 |
--------------------------
Iter 10:
Dest 1 |2 |3 |4 |5 |6 |7 |8 |9 |10 |11 |12 |13 |
Cost 12 |18 |4 |36 |18 |17 |5 |0 |17 |21 |16 |12 |21 |
--------------------------
Iter 11:
Dest 1 |2 |3 |4 |5 |6 |7 |8 |9 |10 |11 |12 |13 |
Cost 12 |18 |4 |36 |18 |17 |5 |0 |17 |21 |16 |12 |21 |
--------------------------
Iter 12:
Dest 1 |2 |3 |4 |5 |6 |7 |8 |9 |10 |11 |12 |13 |
Cost 12 |18 |4 |36 |18 |17 |5 |0 |17 |21 |16 |12 |21 |
--------------------------
Path [source] -> [destination] | Min-Cost | Shortest-Path
  8 |   1 |      12 | 8->3->7->1
  8 |   2 |      18 | 8->3->7->2
  8 |   3 |       4 | 8->3
  8 |   4 |      36 | 8->6->4
  8 |   5 |      18 | 8->3->7->1->5
  8 |   6 |      17 | 8->6
  8 |   7 |       5 | 8->3->7
  8 |   9 |      17 | 8->3->12->9
  8 |  10 |      21 | 8->3->7->1->5->10
  8 |  11 |      16 | 8->11
  8 |  12 |      12 | 8->3->12
  8 |  13 |      21 | 8->6->13
LSRP Took 0.0002475
LSRP for 9
Iter 1:
Dest 1 |2 |3 |4 |5 |6 |7 |8 |9 |10 |11 |12 |13 |
Cost 2147482647 |2147482647 |2147482647 |2147482647 |2147482647 |2147482647 |2147482647 |2147482647 |0 |2147482647 |2147482647 |5 |7 |
--------------------------
Iter 2:
Dest 1 |2 |3 |4 |5 |6 |7 |8 |9 |10 |11 |12 |13 |
Cost 2147482647 |2147482647 |13 |2147482647 |2147482647 |2147482647 |13 |2147482647 |0 |17 |2147482647 |5 |7 |
--------------------------
Iter 3:
Dest 1 |2 |3 |4 |5 |6 |7 |8 |9 |10 |11 |12 |13 |
Cost 2147482647 |2147482647 |13 |2147482647 |2147482647 |11 |13 |2147482647 |0 |17 |2147482647 |5 |7 |
--------------------------
Iter 4:
Dest 1 |2 |3 |4 |5 |6 |7 |8 |9 |10 |11 |12 |13 |
Cost 2147482647 |13 |13 |30 |2147482647 |11 |13 |28 |0 |17 |36 |5 |7 |
--------------------------
Iter 5:
Dest 1 |2 |3 |4 |5 |6 |7 |8 |9 |10 |11 |12 |13 |
Cost 20 |13 |13 |30 |2147482647 |11 |13 |28 |0 |17 |36 |5 |7 |
--------------------------
Iter 6:
Dest 1 |2 |3 |4 |5 |6 |7 |8 |9 |10 |11 |12 |13 |
Cost 20 |13 |13 |30 |2147482647 |11 |13 |17 |0 |17 |36 |5 |7 |
--------------------------
Iter 7:
Dest 1 |2 |3 |4 |5 |6 |7 |8 |9 |10 |11 |12 |13 |
Cost 20 |13 |13 |30 |2147482647 |11 |13 |17 |0 |17 |36 |5 |7 |
--------------------------
Iter 8:
Dest 1 |2 |3 |4 |5 |6 |7 |8 |9 |10 |11 |12 |13 |
Cost 20 |13 |13 |30 |20 |11 |13 |17 |0 |17 |36 |5 |7 |
--------------------------
Iter 9:
Dest 1 |2 |3 |4 |5 |6 |7 |8 |9 |10 |11 |12 |13 |
Cost 20 |13 |13 |30 |20 |11 |13 |17 |0 |17 |33 |5 |7 |
--------------------------
Iter 10:
Dest 1 |2 |3 |4 |5 |6 |7 |8 |9 |10 |11 |12 |13 |
Cost 20 |13 |13 |30 |20 |11 |13 |17 |0 |17 |33 |5 |7 |
--------------------------
Iter 11:
Dest 1 |2 |3 |4 |5 |6 |7 |8 |9 |10 |11 |12 |13 |
Cost 20 |13 |13 |30 |20 |11 |13 |17 |0 |17 |33 |5 |7 |
--------------------------
Iter 12:
Dest 1 |2 |3 |4 |5 |6 |7 |8 |9 |10 |11 |12 |13 |
Cost 20 |13 |13 |30 |20 |11 |13 |17 |0 |17 |33 |5 |7 |
--------------------------
Path [source] -> [destination] | Min-Cost | Shortest-Path
  9 |   1 |      20 | 9->12->7->1
  9 |   2 |      13 | 9->13->6->2
  9 |   3 |      13 | 9->12->3
  9 |   4 |      30 | 9->13->6->4
  9 |   5 |      20 | 9->12->10->5
  9 |   6 |      11 | 9->13->6
  9 |   7 |      13 | 9->12->7
  9 |   8 |      17 | 9->12->3->8
  9 |  10 |      17 | 9->12->10
  9 |  11 |      33 | 9->12->3->8->11
  9 |  12 |       5 | 9->12
  9 |  13 |       7 | 9->13
LSRP Took 0.000249
LSRP for 10
Iter 1:
Dest 1 |2 |3 |4 |5 |6 |7 |8 |9 |10 |11 |12 |13 |
Cost 2147482647 |2147482647 |2147482647 |2147482647 |3 |2147482647 |2147482647 |2147482647 |2147482647 |0 |2147482647 |12 |2147482647 |
--------------------------
Iter 2:
Dest 1 |2 |3 |4 |5 |6 |7 |8 |9 |10 |11 |12 |13 |
Cost 9 |2147482647 |2147482647 |2147482647 |3 |2147482647 |2147482647 |2147482647 |2147482647 |0 |2147482647 |12 |2147482647 |
--------------------------
Iter 3:
Dest 1 |2 |3 |4 |5 |6 |7 |8 |9 |10 |11 |12 |13 |
Cost 9 |2147482647 |2147482647 |2147482647 |3 |2147482647 |16 |2147482647 |2147482647 |0 |2147482647 |12 |2147482647 |
--------------------------
Iter 4:
Dest 1 |2 |3 |4 |5 |6 |7 |8 |9 |10 |11 |12 |13 |
Cost 9 |2147482647 |20 |2147482647 |3 |2147482647 |16 |2147482647 |17 |0 |2147482647 |12 |2147482647 |
--------------------------
Iter 5:
Dest 1 |2 |3 |4 |5 |6 |7 |8 |9 |10 |11 |12 |13 |
Cost 9 |29 |17 |2147482647 |3 |2147482647 |16 |2147482647 |17 |0 |2147482647 |12 |2147482647 |
--------------------------
Iter 6:
Dest 1 |2 |3 |4 |5 |6 |7 |8 |9 |10 |11 |12 |13 |
Cost 9 |29 |17 |2147482647 |3 |2147482647 |16 |2147482647 |17 |0 |2147482647 |12 |24 |
--------------------------
Iter 7:
Dest 1 |2 |3 |4 |5 |6 |7 |8 |9 |10 |11 |12 |13 |
Cost 9 |29 |17 |2147482647 |3 |2147482647 |16 |21 |17 |0 |2147482647 |12 |24 |
--------------------------
Iter 8:
Dest 1 |2 |3 |4 |5 |6 |7 |8 |9 |10 |11 |12 |13 |
Cost 9 |29 |17 |2147482647 |3 |38 |16 |21 |17 |0 |37 |12 |24 |
--------------------------
Iter 9:
Dest 1 |2 |3 |4 |5 |6 |7 |8 |9 |10 |11 |12 |13 |
Cost 9 |29 |17 |2147482647 |3 |28 |16 |21 |17 |0 |37 |12 |24 |
--------------------------
Iter 10:
Dest 1 |2 |3 |4 |5 |6 |7 |8 |9 |10 |11 |12 |13 |
Cost 9 |29 |17 |47 |3 |28 |16 |21 |17 |0 |37 |12 |24 |
--------------------------
Iter 11:
Dest 1 |2 |3 |4 |5 |6 |7 |8 |9 |10 |11 |12 |13 |
Cost 9 |29 |17 |47 |3 |28 |16 |21 |17 |0 |37 |12 |24 |
--------------------------
Iter 12:
Dest 1 |2 |3 |4 |5 |6 |7 |8 |9 |10 |11 |12 |13 |
Cost 9 |29 |17 |47 |3 |28 |16 |21 |17 |0 |37 |12 |24 |
--------------------------
Path [source] -> [destination] | Min-Cost | Shortest-Path
 10 |   1 |       9 | 10->5->1
 10 |   2 |      29 | 10->5->1->7->2
 10 |   3 |      17 | 10->5->1->7->3
 10 |   4 |      47 | 10->12->9->13->6->4
 10 |   5 |       3 | 10->5
 10 |   6 |      28 | 10->12->9->13->6
 10 |   7 |      16 | 10->5->1->7
 10 |   8 |      21 | 10->5->1->7->3->8
 10 |   9 |      17 | 10->12->9
 10 |  11 |      37 | 10->5->1->7->3->8->11
 10 |  12 |      12 | 10->12
 10 |  13 |      24 | 10->12->9->13
LSRP Took 0.0002524
LSRP for 11
Iter 1:
Dest 1 |2 |3 |4 |5 |6 |7 |8 |9 |10 |11 |12 |13 |
Cost 2147482647 |2147482647 |2147482647 |2147482647 |2147482647 |25 |2147482647 |16 |2147482647 |2147482647 |0 |2147482647 |2147482647 |
--------------------------
Iter 2:
Dest 1 |2 |3 |4 |5 |6 |7 |8 |9 |10 |11 |12 |13 |
Cost 2147482647 |2147482647 |20 |2147482647 |2147482647 |25 |2147482647 |16 |2147482647 |2147482647 |0 |2147482647 |2147482647 |
--------------------------
Iter 3:
Dest 1 |2 |3 |4 |5 |6 |7 |8 |9 |10 |11 |12 |13 |
Cost 2147482647 |2147482647 |20 |2147482647 |2147482647 |25 |21 |16 |2147482647 |2147482647 |0 |28 |2147482647 |
--------------------------
Iter 4:
Dest 1 |2 |3 |4 |5 |6 |7 |8 |9 |10 |11 |12 |13 |
Cost 28 |34 |20 |2147482647 |2147482647 |25 |21 |16 |2147482647 |2147482647 |0 |28 |2147482647 |
--------------------------
Iter 5:
Dest 1 |2 |3 |4 |5 |6 |7 |8 |9 |10 |11 |12 |13 |
Cost 28 |27 |20 |44 |2147482647 |25 |21 |16 |2147482647 |2147482647 |0 |28 |29 |
--------------------------
Iter 6:
Dest 1 |2 |3 |4 |5 |6 |7 |8 |9 |10 |11 |12 |13 |
Cost 28 |27 |20 |44 |2147482647 |25 |21 |16 |2147482647 |2147482647 |0 |28 |29 |
--------------------------
Iter 7:
Dest 1 |2 |3 |4 |5 |6 |7 |8 |9 |10 |11 |12 |13 |
Cost 28 |27 |20 |44 |2147482647 |25 |21 |16 |33 |40 |0 |28 |29 |
--------------------------
Iter 8:
Dest 1 |2 |3 |4 |5 |6 |7 |8 |9 |10 |11 |12 |13 |
Cost 28 |27 |20 |44 |34 |25 |21 |16 |33 |40 |0 |28 |29 |
--------------------------
Iter 9:
Dest 1 |2 |3 |4 |5 |6 |7 |8 |9 |10 |11 |12 |13 |
Cost 28 |27 |20 |44 |34 |25 |21 |16 |33 |40 |0 |28 |29 |
--------------------------
Iter 10:
Dest 1 |2 |3 |4 |5 |6 |7 |8 |9 |10 |11 |12 |13 |
Cost 28 |27 |20 |44 |34 |25 |21 |16 |33 |40 |0 |28 |29 |
--------------------------
Iter 11:
Dest 1 |2 |3 |4 |5 |6 |7 |8 |9 |10 |11 |12 |13 |
Cost 28 |27 |20 |44 |34 |25 |21 |16 |33 |37 |0 |28 |29 |
--------------------------
Iter 12:
Dest 1 |2 |3 |4 |5 |6 |7 |8 |9 |10 |11 |12 |13 |
Cost 28 |27 |20 |44 |34 |25 |21 |16 |33 |37 |0 |28 |29 |
--------------------------
Path [source] -> [destination] | Min-Cost | Shortest-Path
 11 |   1 |      28 | 11->8->3->7->1
 11 |   2 |      27 | 11->6->2
 11 |   3 |      20 | 11->8->3
 11 |   4 |      44 | 11->6->4
 11 |   5 |      34 | 11->8->3->7->1->5
 11 |   6 |      25 | 11->6
 11 |   7 |      21 | 11->8->3->7
 11 |   8 |      16 | 11->8
 11 |   9 |      33 | 11->8->3->12->9
 11 |  10 |      37 | 11->8->3->7->1->5->10
 11 |  12 |      28 | 11->8->3->12
 11 |  13 |      29 | 11->6->13
LSRP Took 0.0002483
LSRP for 12
Iter 1:
Dest 1 |2 |3 |4 |5 |6 |7 |8 |9 |10 |11 |12 |13 |
Cost 2147482647 |2147482647 |8 |2147482647 |2147482647 |2147482647 |8 |2147482647 |5 |12 |2147482647 |0 |2147482647 |
--------------------------
Iter 2:
Dest 1 |2 |3 |4 |5 |6 |7 |8 |9 |10 |11 |12 |13 |
Cost 2147482647 |2147482647 |8 |2147482647 |2147482647 |2147482647 |8 |2147482647 |5 |12 |2147482647 |0 |12 |
--------------------------
Iter 3:
Dest 1 |2 |3 |4 |5 |6 |7 |8 |9 |10 |11 |12 |13 |
Cost 15 |21 |8 |2147482647 |2147482647 |2147482647 |8 |2147482647 |5 |12 |2147482647 |0 |12 |
--------------------------
Iter 4:
Dest 1 |2 |3 |4 |5 |6 |7 |8 |9 |10 |11 |12 |13 |
Cost 15 |21 |8 |2147482647 |2147482647 |2147482647 |8 |12 |5 |12 |2147482647 |0 |12 |
--------------------------
Iter 5:
Dest 1 |2 |3 |4 |5 |6 |7 |8 |9 |10 |11 |12 |13 |
Cost 15 |21 |8 |2147482647 |2147482647 |16 |8 |12 |5 |12 |2147482647 |0 |12 |
--------------------------
Iter 6:
Dest 1 |2 |3 |4 |5 |6 |7 |8 |9 |10 |11 |12 |13 |
Cost 15 |21 |8 |2147482647 |15 |16 |8 |12 |5 |12 |2147482647 |0 |12 |
--------------------------
Iter 7:
Dest 1 |2 |3 |4 |5 |6 |7 |8 |9 |10 |11 |12 |13 |
Cost 15 |21 |8 |2147482647 |15 |16 |8 |12 |5 |12 |28 |0 |12 |
--------------------------
Iter 8:
Dest 1 |2 |3 |4 |5 |6 |7 |8 |9 |10 |11 |12 |13 |
Cost 15 |21 |8 |2147482647 |15 |16 |8 |12 |5 |12 |28 |0 |12 |
--------------------------
Iter 9:
Dest 1 |2 |3 |4 |5 |6 |7 |8 |9 |10 |11 |12 |13 |
Cost 15 |21 |8 |2147482647 |15 |16 |8 |12 |5 |12 |28 |0 |12 |
--------------------------
Iter 10:
Dest 1 |2 |3 |4 |5 |6 |7 |8 |9 |10 |11 |12 |13 |
Cost 15 |18 |8 |35 |15 |16 |8 |12 |5 |12 |28 |0 |12 |
--------------------------
Iter 11:
Dest 1 |2 |3 |4 |5 |6 |7 |8 |9 |10 |11 |12 |13 |
Cost 15 |18 |8 |35 |15 |16 |8 |12 |5 |12 |28 |0 |12 |
--------------------------
Iter 12:
Dest 1 |2 |3 |4 |5 |6 |7 |8 |9 |10 |11 |12 |13 |
Cost 15 |18 |8 |35 |15 |16 |8 |12 |5 |12 |28 |0 |12 |
--------------------------
Path [source] -> [destination] | Min-Cost | Shortest-Path
 12 |   1 |      15 | 12->7->1
 12 |   2 |      18 | 12->9->13->6->2
 12 |   3 |       8 | 12->3
 12 |   4 |      35 | 12->9->13->6->4
 12 |   5 |      15 | 12->10->5
 12 |   6 |      16 | 12->9->13->6
 12 |   7 |       8 | 12->7
 12 |   8 |      12 | 12->3->8
 12 |   9 |       5 | 12->9
 12 |  10 |      12 | 12->10
 12 |  11 |      28 | 12->3->8->11
 12 |  13 |      12 | 12->9->13
LSRP Took 0.0002486
LSRP for 13
Iter 1:
Dest 1 |2 |3 |4 |5 |6 |7 |8 |9 |10 |11 |12 |13 |
Cost 2147482647 |2147482647 |2147482647 |2147482647 |2147482647 |4 |2147482647 |2147482647 |7 |2147482647 |2147482647 |2147482647 |0 |
--------------------------
Iter 2:
Dest 1 |2 |3 |4 |5 |6 |7 |8 |9 |10 |11 |12 |13 |
Cost 2147482647 |6 |2147482647 |23 |2147482647 |4 |2147482647 |21 |7 |2147482647 |29 |2147482647 |0 |
--------------------------
Iter 3:
Dest 1 |2 |3 |4 |5 |6 |7 |8 |9 |10 |11 |12 |13 |
Cost 2147482647 |6 |2147482647 |23 |2147482647 |4 |19 |21 |7 |2147482647 |29 |2147482647 |0 |
--------------------------
Iter 4:
Dest 1 |2 |3 |4 |5 |6 |7 |8 |9 |10 |11 |12 |13 |
Cost 2147482647 |6 |2147482647 |23 |2147482647 |4 |19 |21 |7 |2147482647 |29 |12 |0 |
--------------------------
Iter 5:
Dest 1 |2 |3 |4 |5 |6 |7 |8 |9 |10 |11 |12 |13 |
Cost 2147482647 |6 |20 |23 |2147482647 |4 |19 |21 |7 |24 |29 |12 |0 |
--------------------------
Iter 6:
Dest 1 |2 |3 |4 |5 |6 |7 |8 |9 |10 |11 |12 |13 |
Cost 26 |6 |20 |23 |2147482647 |4 |19 |21 |7 |24 |29 |12 |0 |
--------------------------
Iter 7:
Dest 1 |2 |3 |4 |5 |6 |7 |8 |9 |10 |11 |12 |13 |
Cost 26 |6 |20 |23 |2147482647 |4 |19 |21 |7 |24 |29 |12 |0 |
--------------------------
Iter 8:
Dest 1 |2 |3 |4 |5 |6 |7 |8 |9 |10 |11 |12 |13 |
Cost 26 |6 |20 |23 |2147482647 |4 |19 |21 |7 |24 |29 |12 |0 |
--------------------------
Iter 9:
Dest 1 |2 |3 |4 |5 |6 |7 |8 |9 |10 |11 |12 |13 |
Cost 26 |6 |20 |23 |2147482647 |4 |19 |21 |7 |24 |29 |12 |0 |
--------------------------
Iter 10:
Dest 1 |2 |3 |4 |5 |6 |7 |8 |9 |10 |11 |12 |13 |
Cost 26 |6 |20 |23 |27 |4 |19 |21 |7 |24 |29 |12 |0 |
--------------------------
Iter 11:
Dest 1 |2 |3 |4 |5 |6 |7 |8 |9 |10 |11 |12 |13 |
Cost 26 |6 |20 |23 |27 |4 |19 |21 |7 |24 |29 |12 |0 |
--------------------------
Iter 12:
Dest 1 |2 |3 |4 |5 |6 |7 |8 |9 |10 |11 |12 |13 |
Cost 26 |6 |20 |23 |27 |4 |19 |21 |7 |24 |29 |12 |0 |
--------------------------
Path [source] -> [destination] | Min-Cost | Shortest-Path
 13 |   1 |      26 | 13->6->2->7->1
 13 |   2 |       6 | 13->6->2
 13 |   3 |      20 | 13->9->12->3
 13 |   4 |      23 | 13->6->4
 13 |   5 |      27 | 13->9->12->10->5
 13 |   6 |       4 | 13->6
 13 |   7 |      19 | 13->6->2->7
 13 |   8 |      21 | 13->6->8
 13 |   9 |       7 | 13->9
 13 |  10 |      24 | 13->9->12->10
 13 |  11 |      29 | 13->6->11
 13 |  12 |      12 | 13->9->12
LSRP Took 0.0002652
LSRP Total running time 0.0033395
